Thread times: 
  max = 0.213246
  median = 0.186711
  per thread
    0.127881,
    0.141527,
    0.14234,
    0.143962,
    0.144502,
    0.145292,
    0.150245,
    0.150803,
    0.152615,
    0.152743,
    0.155297,
    0.156566,
    0.157494,
    0.161552,
    0.165487,
    0.167374,
    0.168318,
    0.168392,
    0.168946,
    0.169588,
    0.16966,
    0.171353,
    0.171444,
    0.171641,
    0.171681,
    0.171967,
    0.172143,
    0.173485,
    0.173518,
    0.173548,
    0.173549,
    0.17434,
    0.174896,
    0.175045,
    0.175238,
    0.175902,
    0.17593,
    0.176044,
    0.176107,
    0.17633,
    0.1766,
    0.176784,
    0.177397,
    0.177902,
    0.180316,
    0.181499,
    0.182407,
    0.182809,
    0.182817,
    0.182949,
    0.183009,
    0.183029,
    0.183378,
    0.1835,
    0.183944,
    0.183999,
    0.184444,
    0.184562,
    0.185232,
    0.185381,
    0.18546,
    0.185521,
    0.18557,
    0.185637,
    0.185885,
    0.185977,
    0.186014,
    0.186029,
    0.18632,
    0.186423,
    0.186679,
    0.186704,
    0.186711,
    0.186804,
    0.186844,
    0.186973,
    0.187006,
    0.187017,
    0.187109,
    0.187166,
    0.187168,
    0.187205,
    0.187333,
    0.187336,
    0.187485,
    0.187488,
    0.187498,
    0.187511,
    0.18756,
    0.187747,
    0.187816,
    0.187972,
    0.188048,
    0.188304,
    0.188357,
    0.188404,
    0.188558,
    0.188686,
    0.18869,
    0.189,
    0.189062,
    0.189105,
    0.189136,
    0.189255,
    0.189428,
    0.189484,
    0.18949,
    0.189566,
    0.189572,
    0.189803,
    0.189908,
    0.189938,
    0.190035,
    0.190045,
    0.19008,
    0.190097,
    0.190129,
    0.190165,
    0.190179,
    0.190191,
    0.190326,
    0.19043,
    0.190504,
    0.190548,
    0.190778,
    0.191064,
    0.191246,
    0.191517,
    0.191586,
    0.193111,
    0.193355,
    0.194542,
    0.194881,
    0.194901,
    0.197664,
    0.199173,
    0.202862,
    0.205707,
    0.209761,
    0.211173,
    0.211247,
    0.211376,
    0.211418,
    0.213246,
{
    "args": "./fasta_builds/folklore/tests/fasta-kmer-benchmark/kmer_benchmark 144 tests/fasta-kmer-benchmark/data/Homo_sapiens.GRCh38.dna.chromosome.22.fa",
    "threads": "144",
    "key": "uint64_t",
    "key_size": "8",
    "value": "uint64_t",
    "value_size": "8",
    "table": "FOLKLORE",
    "input_file": "tests/fasta-kmer-benchmark/data/Homo_sapiens.GRCh38.dna.chromosome.22.fa",
    "output": {
        "time_elapsed": {
            "name": "Time Elapsed",
            "units": "seconds",
            "value": 0.2134
        },
        "throughput": {
            "name": "Throughput",
            "units": "10^6 mers/second",
            "value": 183.5331
        },
    }
}
