Thread times: 
  max = 1.57769
  median = 1.48178
  per thread
    1.04629,
    1.15302,
    1.18755,
    1.19851,
    1.20419,
    1.20625,
    1.21338,
    1.21426,
    1.21999,
    1.22043,
    1.25886,
    1.26562,
    1.27376,
    1.28322,
    1.2853,
    1.29766,
    1.3034,
    1.34815,
    1.34979,
    1.35522,
    1.36058,
    1.36144,
    1.36554,
    1.36621,
    1.37651,
    1.37722,
    1.37913,
    1.387,
    1.38733,
    1.39092,
    1.39636,
    1.39724,
    1.39753,
    1.39811,
    1.39831,
    1.40005,
    1.40097,
    1.40473,
    1.40545,
    1.4071,
    1.40806,
    1.40978,
    1.41157,
    1.41214,
    1.41564,
    1.41659,
    1.4189,
    1.43904,
    1.43987,
    1.44531,
    1.44747,
    1.4475,
    1.4477,
    1.45498,
    1.4581,
    1.46237,
    1.46485,
    1.46564,
    1.46584,
    1.46591,
    1.46724,
    1.46927,
    1.46976,
    1.47094,
    1.47116,
    1.47167,
    1.47248,
    1.47287,
    1.4739,
    1.47594,
    1.47911,
    1.48134,
    1.48178,
    1.48188,
    1.48454,
    1.48633,
    1.4864,
    1.49062,
    1.49204,
    1.49355,
    1.49411,
    1.49584,
    1.49629,
    1.49764,
    1.49838,
    1.49893,
    1.50036,
    1.50047,
    1.50051,
    1.50688,
    1.50774,
    1.50775,
    1.51067,
    1.51212,
    1.51451,
    1.5154,
    1.51613,
    1.51616,
    1.5171,
    1.5189,
    1.51974,
    1.52028,
    1.54173,
    1.54198,
    1.54351,
    1.54541,
    1.54556,
    1.54592,
    1.5465,
    1.54711,
    1.54792,
    1.54792,
    1.54825,
    1.54858,
    1.55048,
    1.55069,
    1.55415,
    1.55467,
    1.55641,
    1.55686,
    1.55838,
    1.55938,
    1.55943,
    1.55966,
    1.56055,
    1.5609,
    1.56139,
    1.56144,
    1.56146,
    1.56164,
    1.56166,
    1.56224,
    1.56318,
    1.56362,
    1.56511,
    1.56528,
    1.56615,
    1.56772,
    1.5683,
    1.57004,
    1.57182,
    1.57235,
    1.57369,
    1.57769,
{
    "args": "./fasta_builds/hopscotch/tests/fasta-kmer-benchmark/kmer_benchmark 144 tests/fasta-kmer-benchmark/data/Homo_sapiens.GRCh38.dna.chromosome.22.fa",
    "threads": "144",
    "key": "uint64_t",
    "key_size": "8",
    "value": "uint64_t",
    "value_size": "8",
    "table": "HOPSCOTCH",
    "input_file": "tests/fasta-kmer-benchmark/data/Homo_sapiens.GRCh38.dna.chromosome.22.fa",
    "output": {
        "time_elapsed": {
            "name": "Time Elapsed",
            "units": "seconds",
            "value": 1.5783
        },
        "throughput": {
            "name": "Throughput",
            "units": "10^6 mers/second",
            "value": 24.8110
        },
    }
}
