Thread times: 
  max = 0.484706
  median = 0.46597
  per thread
    0.36855,
    0.370973,
    0.396853,
    0.399282,
    0.399996,
    0.402676,
    0.406445,
    0.410318,
    0.416027,
    0.416872,
    0.417202,
    0.417811,
    0.420904,
    0.421889,
    0.424067,
    0.426101,
    0.426255,
    0.427199,
    0.432682,
    0.433028,
    0.435102,
    0.435146,
    0.435765,
    0.435969,
    0.437032,
    0.437199,
    0.438792,
    0.439239,
    0.440822,
    0.441137,
    0.441375,
    0.441432,
    0.442003,
    0.442109,
    0.44258,
    0.443879,
    0.443898,
    0.444311,
    0.444325,
    0.444818,
    0.444835,
    0.445342,
    0.445607,
    0.445861,
    0.446749,
    0.447216,
    0.449249,
    0.451941,
    0.454366,
    0.455947,
    0.456013,
    0.458134,
    0.4584,
    0.458573,
    0.459525,
    0.459926,
    0.459959,
    0.460044,
    0.460681,
    0.460877,
    0.461094,
    0.462089,
    0.46296,
    0.463544,
    0.463596,
    0.463954,
    0.46399,
    0.46422,
    0.464689,
    0.464959,
    0.465501,
    0.465717,
    0.46597,
    0.466284,
    0.466344,
    0.466368,
    0.466703,
    0.466999,
    0.467039,
    0.467388,
    0.467414,
    0.467477,
    0.467964,
    0.468363,
    0.468581,
    0.468643,
    0.468662,
    0.468687,
    0.468697,
    0.469091,
    0.469176,
    0.469359,
    0.469472,
    0.469552,
    0.469573,
    0.46958,
    0.469617,
    0.469622,
    0.46963,
    0.469712,
    0.469917,
    0.469993,
    0.470053,
    0.470086,
    0.470113,
    0.470211,
    0.470224,
    0.470599,
    0.470753,
    0.471098,
    0.471138,
    0.471697,
    0.471705,
    0.471767,
    0.471848,
    0.472004,
    0.472054,
    0.472095,
    0.472112,
    0.472303,
    0.472483,
    0.472623,
    0.472839,
    0.472866,
    0.472974,
    0.473174,
    0.473301,
    0.47376,
    0.473996,
    0.4743,
    0.474382,
    0.474434,
    0.474467,
    0.474502,
    0.475806,
    0.476267,
    0.476293,
    0.477108,
    0.477699,
    0.478409,
    0.4792,
    0.479246,
    0.481602,
    0.484706,
{
    "args": "./fasta_builds/libcuckoo/tests/fasta-kmer-benchmark/kmer_benchmark 144 tests/fasta-kmer-benchmark/data/Homo_sapiens.GRCh38.dna.chromosome.22.fa",
    "threads": "144",
    "key": "uint64_t",
    "key_size": "8",
    "value": "uint64_t",
    "value_size": "8",
    "table": "LIBCUCKOO",
    "input_file": "tests/fasta-kmer-benchmark/data/Homo_sapiens.GRCh38.dna.chromosome.22.fa",
    "output": {
        "time_elapsed": {
            "name": "Time Elapsed",
            "units": "seconds",
            "value": 0.4849
        },
        "throughput": {
            "name": "Throughput",
            "units": "10^6 mers/second",
            "value": 80.7633
        },
    }
}
