Thread times: 
  max = 0.228193
  median = 0.195032
  per thread
    0.152009,
    0.153058,
    0.153346,
    0.154088,
    0.156739,
    0.159343,
    0.160385,
    0.16178,
    0.164791,
    0.168742,
    0.169247,
    0.169935,
    0.171852,
    0.171938,
    0.173296,
    0.173613,
    0.176524,
    0.177302,
    0.178704,
    0.17901,
    0.17942,
    0.179521,
    0.180241,
    0.180714,
    0.181461,
    0.181564,
    0.18401,
    0.184197,
    0.184344,
    0.184544,
    0.184709,
    0.184971,
    0.185438,
    0.185528,
    0.18556,
    0.185651,
    0.186158,
    0.186203,
    0.186486,
    0.186488,
    0.186702,
    0.186825,
    0.186827,
    0.186917,
    0.187216,
    0.187409,
    0.187419,
    0.187512,
    0.18775,
    0.187848,
    0.188254,
    0.190408,
    0.19081,
    0.190947,
    0.191335,
    0.191528,
    0.191646,
    0.191798,
    0.191892,
    0.191937,
    0.192228,
    0.19246,
    0.192707,
    0.192888,
    0.193469,
    0.193558,
    0.193558,
    0.193604,
    0.19363,
    0.193672,
    0.194386,
    0.194404,
    0.195032,
    0.195301,
    0.195356,
    0.195462,
    0.196016,
    0.196023,
    0.196261,
    0.196262,
    0.196497,
    0.196601,
    0.196656,
    0.196707,
    0.196877,
    0.19715,
    0.197337,
    0.197427,
    0.197458,
    0.197523,
    0.197583,
    0.197665,
    0.197701,
    0.19772,
    0.197738,
    0.19784,
    0.197963,
    0.198037,
    0.198221,
    0.198225,
    0.198353,
    0.198516,
    0.198761,
    0.19883,
    0.19891,
    0.19892,
    0.198973,
    0.198996,
    0.199073,
    0.199272,
    0.199311,
    0.199311,
    0.19935,
    0.199403,
    0.199529,
    0.199593,
    0.199612,
    0.199732,
    0.199775,
    0.199808,
    0.199811,
    0.199974,
    0.200264,
    0.200291,
    0.200374,
    0.200444,
    0.200469,
    0.200729,
    0.200732,
    0.200921,
    0.201626,
    0.201676,
    0.201836,
    0.201865,
    0.202407,
    0.207935,
    0.210655,
    0.213196,
    0.213213,
    0.214449,
    0.222607,
    0.22554,
    0.225921,
    0.228193,
{
    "args": "./fasta_builds/ndhash/tests/fasta-kmer-benchmark/kmer_benchmark 144 tests/fasta-kmer-benchmark/data/Homo_sapiens.GRCh38.dna.chromosome.22.fa",
    "threads": "144",
    "key": "uint64_t",
    "key_size": "8",
    "value": "uint64_t",
    "value_size": "8",
    "table": "NDHASH",
    "input_file": "tests/fasta-kmer-benchmark/data/Homo_sapiens.GRCh38.dna.chromosome.22.fa",
    "output": {
        "time_elapsed": {
            "name": "Time Elapsed",
            "units": "seconds",
            "value": 0.2283
        },
        "throughput": {
            "name": "Throughput",
            "units": "10^6 mers/second",
            "value": 171.5126
        },
    }
}
