Thread times: 
  max = 0.227398
  median = 0.201343
  per thread
    0.151824,
    0.154364,
    0.155225,
    0.155928,
    0.162933,
    0.163041,
    0.168471,
    0.174957,
    0.175873,
    0.176676,
    0.179056,
    0.181746,
    0.183424,
    0.184691,
    0.185954,
    0.186219,
    0.186405,
    0.186664,
    0.187454,
    0.187783,
    0.188102,
    0.188141,
    0.1886,
    0.188887,
    0.189048,
    0.189887,
    0.189951,
    0.190001,
    0.190358,
    0.19073,
    0.190985,
    0.191377,
    0.192,
    0.192233,
    0.192234,
    0.192984,
    0.193515,
    0.193742,
    0.193879,
    0.193887,
    0.193975,
    0.193998,
    0.194156,
    0.194273,
    0.194665,
    0.194685,
    0.194779,
    0.195223,
    0.195286,
    0.195402,
    0.195421,
    0.195509,
    0.195589,
    0.195599,
    0.19562,
    0.195839,
    0.196567,
    0.196778,
    0.197501,
    0.197606,
    0.198411,
    0.199371,
    0.199507,
    0.199939,
    0.200256,
    0.200284,
    0.200358,
    0.200637,
    0.200849,
    0.201266,
    0.201287,
    0.20134,
    0.201343,
    0.201418,
    0.201447,
    0.201493,
    0.201798,
    0.202514,
    0.202881,
    0.203216,
    0.203392,
    0.203408,
    0.203506,
    0.20359,
    0.203748,
    0.203761,
    0.203857,
    0.204187,
    0.204219,
    0.204611,
    0.204902,
    0.205951,
    0.206049,
    0.206148,
    0.206304,
    0.206355,
    0.206493,
    0.206548,
    0.206637,
    0.20675,
    0.206785,
    0.206794,
    0.2069,
    0.206934,
    0.206952,
    0.207065,
    0.207172,
    0.207354,
    0.207355,
    0.207365,
    0.207401,
    0.20741,
    0.207427,
    0.207535,
    0.207605,
    0.207627,
    0.207631,
    0.207696,
    0.207753,
    0.207788,
    0.207863,
    0.207961,
    0.20799,
    0.208021,
    0.208044,
    0.208164,
    0.208173,
    0.20819,
    0.208395,
    0.208415,
    0.208606,
    0.208968,
    0.209087,
    0.209143,
    0.209332,
    0.209445,
    0.209946,
    0.21066,
    0.212898,
    0.214748,
    0.217109,
    0.219512,
    0.221995,
    0.227398,
{
    "args": "./fasta_builds/ndquad/tests/fasta-kmer-benchmark/kmer_benchmark 144 tests/fasta-kmer-benchmark/data/Homo_sapiens.GRCh38.dna.chromosome.22.fa",
    "threads": "144",
    "key": "uint64_t",
    "key_size": "8",
    "value": "uint64_t",
    "value_size": "8",
    "table": "NDQUAD",
    "input_file": "tests/fasta-kmer-benchmark/data/Homo_sapiens.GRCh38.dna.chromosome.22.fa",
    "output": {
        "time_elapsed": {
            "name": "Time Elapsed",
            "units": "seconds",
            "value": 0.2276
        },
        "throughput": {
            "name": "Throughput",
            "units": "10^6 mers/second",
            "value": 172.0794
        },
    }
}
